Access to electricity (% of population)
5
Argentina
2015
2016
2017
2018
2019
99.6253891
99.84957886
100
99.98957825
100
Australia
2015
2016
2017
2018
2019
100
100
100
100
100
Azerbaijan
2015
2016
2017
2018
2019
100
100
100
100
100
Cambodia
2015
2016
2017
2018
2019
64.91042328
69.54431152
89.06999969
81.07565308
84
Ecuador
2015
2016
2017
2018
2019
98.82588196
98.69999695
99.19999695
98.69999695
99.08999634
Jordan
2015
2016
2017
2018
2019
99.89817047
99.95882416
100
99.90000153
100
Puerto Rico
2015
2016
2017
2018
2019
100
100
100
100
100
Zimbabwe
2015
2016
2017
2018
2019
33.70000076
42.56172943
44.17863464
45.57264709
46.78147507
END